t	E	Z
0	0.500000000000	6.634684829565
0.1	0.494733419900	6.531859737041
0.2	0.489549170088	6.428491727052
0.3	0.484448561120	6.322396580322
0.4	0.479434630087	6.211457851925
0.5	0.474512011493	6.093861112434
0.6	0.469686516323	5.968568777861
0.7000000000000001	0.464964320585	5.835747556365
0.8	0.460350979925	5.696726703488
0.9	0.455850678991	5.553507807114
1	0.451465910138	5.408249545257
1.1	0.447197491322	5.262936409659
1.2	0.443044795949	5.119169756364
1.3	0.439006094881	4.978112010675
1.4000000000000001	0.435078875086	4.840579863454
1.5	0.431260076237	4.707134510344
1.6	0.427546275483	4.578129439419
1.7	0.423933828363	4.453780081991
1.8	0.420418943411	4.334248235390
1.9000000000000001	0.416997718157	4.219639628996
2	0.413666215527	4.109920211170
2.1	0.410420602255	4.004861112507
2.2	0.407257306144	3.904046019761
2.3000000000000003	0.404173129079	3.806985226983
2.4	0.401165243921	3.713250266390
2.5	0.398231146531	3.622450513956
2.6	0.395368645013	3.534197456136
2.7	0.392575846158	3.448140741014
2.8000000000000003	0.389851111606	3.363993740655
2.9	0.387193009947	3.281524190460
3	0.384600270853	3.200568289786
3.1	0.382071711101	3.121079592429
3.2	0.379606131550	3.043139586846
3.3000000000000003	0.377202234409	2.966901253677
3.4	0.374858591141	2.892533672670
3.5	0.372573632756	2.820223074827
3.6	0.370345625272	2.750198752935
3.7	0.368172633808	2.682728967132
3.8000000000000003	0.366052508109	2.618073464156
3.9	0.363982915068	2.556419452625
4	0.361961418158	2.497832386078
4.1	0.359985584545	2.442237254083
4.2	0.358053093868	2.389432908841
4.3	0.356161823740	2.339134133020
4.4	0.354309895894	2.291024406862
4.5	0.352495682553	2.244799936338
4.6000000000000005	0.350717784532	2.200195965909
4.7	0.348974994890	2.156997353125
4.8	0.347266258741	2.115038525600
4.9	0.345590635333	2.074198793982
5	0.343947264696	2.034395428487
5.1000000000000005	0.342335341610	1.995571775648
5.2	0.340754101331	1.957680299571
5.3	0.339202818990	1.920666794797
5.4	0.337680818354	1.884463784567
5.5	0.336187481177	1.848995385749
5.6000000000000005	0.334722249310	1.814189580354
5.7	0.333284616050	1.779991849945
5.8	0.331874107834	1.746375008767
5.9	0.330490260505	1.713342747811
6	0.329132595431	1.680926555864
6.1000000000000005	0.327800600267	1.649177583547
6.2	0.326493717360	1.618156162694
6.3	0.325211340570	1.587921609557
6.4	0.323952819511	1.558524107002
6.5	0.322717469116	1.529999603145
6.6000000000000005	0.321504581938	1.502368102098
6.7	0.320313440473	1.475635252959
6.8	0.319143327107	1.449796531497
6.9	0.317993530104	1.424842704475
7	0.316863345239	1.400764966929
7.1000000000000005	0.315752073976	1.377558227424
7.2	0.314659020152	1.355221417432
7.3	0.313583487733	1.333754544627
7.4	0.312524781996	1.313153308081
7.5	0.311482215431	1.293403010384
7.6000000000000005	0.310455118062	1.274474009035
7.7	0.309442850111	1.256320604024
7.8	0.308444813960	1.238883842626
7.9	0.307460462675	1.222096997919
8	0.306489303771	1.205891618244
8.1	0.305530898524	1.190202433031
8.2	0.304584858069	1.174970406707
8.3	0.303650837793	1.160144050513
8.4	0.302728531215	1.145679430647
8.5	0.301817664245	1.131539317375
8.6	0.300917990333	1.117691835840
8.700000000000001	0.300029286808	1.104108907598
8.8	0.299151352451	1.090764728752
8.9	0.298284006222	1.077634482080
9	0.297427086854	1.064693427027
9.1	0.296580453012	1.051916444255
9.200000000000001	0.295743983621	1.039278032813
9.3	0.294917578046	1.026752683173
9.4	0.294101155859	1.014315502106
9.5	0.293294656056	1.001942956234
9.6	0.292498035660	0.989613633074
9.700000000000001	0.291711267730	0.977308970998
9.8	0.290934338806	0.965013945953
9.9	0.290167245814	0.952717709904
10	0.289409992498	0.940414160736
